# RED Parameters

[[108.86607411 170.586588   235.59846008]
 [ 57.         108.          52.        ]] mean
[[[ 715.77602254    0.        ]
  [ 839.41777936    0.        ]
  [-240.30287175    0.        ]]

 [[ 839.41777936    0.        ]
  [1327.94415306    0.        ]
  [ -40.91854128    0.        ]]

 [[-240.30287175    0.        ]
  [ -40.91854128    0.        ]
  [ 774.48942018    0.        ]]] sigma
[[9.99995148e-01]
 [4.85166048e-06]] weight


# GREEN Parameters

[[128.623701   203.61836836 135.61359155]
 [ 60.47892999 160.68790722  76.83813796]] mean
[[[3.91709233e+02 2.68167896e+01]
  [4.92230748e+02 1.07526715e+01]
  [7.12546647e+02 3.17721888e-01]]

 [[4.92230748e+02 1.07526715e+01]
  [1.13182348e+03 2.18283227e+01]
  [1.14212879e+03 2.61068210e+01]]

 [[7.12546647e+02 3.17721888e-01]
  [1.14212879e+03 2.61068210e+01]
  [1.59499758e+03 7.23576973e+01]]] sigma
[[9.99410926e-01]
 [5.89074003e-04]] weight


# YELLOW Parameters

[[128.2957865  226.58430661 216.39065061]
 [ 68.69801601 107.89414248  53.78040055]] mean
[[[1161.36828809   12.81804599]
  [ 272.24228768   -3.96838136]
  [ -33.34305402  -11.32542316]]

 [[ 272.24228768   -3.96838136]
  [ 506.31704114    6.38896066]
  [ 593.52641777    6.66132789]]

 [[ -33.34305402  -11.32542316]
  [ 593.52641777    6.66132789]
  [1046.95985456   13.70564919]]] sigma
[[9.99999948e-01]
 [5.16851467e-08]] weight